[7, 6, 4, 2, 1] - safe
[1, 2, 3, 4, 5] - safe
[1, 3, 2, 4, 5] - safe
[8, 6, 4, 4, 1] - safe
[1, 3, 6, 7, 9] - safe
[10, 9, 8, 7, 7, 6] - safe
[1, 2, 4, 7, 10, 9] - safe
[3, 1, 2, 3, 4] - safe
[1, 4, 7, 10, 13] - safe
[5] - safe
[5, 6] - safe
[6, 5] - safe
[5, 5] - safe
[10, 1, 2, 3, 4] - safe
[9, 1, 2, 3, 4] - safe
[1, 1, 2, 3, 4] - safe
[1, 2, 3, 4, 4] - safe
[2, 4, 3, 5, 6] - safe
[6, 4, 5, 7, 8] - safe
[1, 4, 7, 10] - safe
[10, 8, 5, 3] - safe
[1, 2, 5, 3, 4] - safe
[10, 9, 8, 6, 7] - safe
[1, 2, 4, 6, 5, 7] - safe
[1, 2, 3, 4, 5, 6, 7, 8, 9, 10] - safe
[10, 9, 8, 7, 6, 5, 4, 3, 2, 1] - safe
